-1.381742404193912
-1.8224357229545596
-0.0690129154386153
-1.065171941992994
0.591320759713971
-0.5510088806511362
0.5424265002872364
0.5474347275630254
-1.8885539092357013
0.2557462379432467
0.4752736097490251
-0.9307692961626897
0.10776318349743227
-0.18127140706172792
0.05703851913793739
0.20306326869021357
0.5721943276068604
1.0366963137073546
-0.7703272819952898
-1.3748141303934334
-0.12128331919966788
0.32423933563012447
-0.9944409961725796
0.5117822741890591
0.14607771921683688
-0.20115266162917148
0.6840447831402955
0.7807818355909252
0.5900485112147481
-0.19540617612867642
0.4645591356954537
-2.056289979929985
0.41586647349911304
0.4676529511260396
-1.023120177490712
-1.0730470883668166
-1.5159549941848511
1.7658033245194027
-1.3431589866179208
-1.2409167450560303
0.6632243307895329
1.7825353138279691
-0.41391419281597425
-1.2683095949666376
-0.7815784208839593
-0.509330398386285
-0.12602672637166826
0.14230942255305098
0.9848580059278066
-0.016258336121135947
-0.12155079125814688
-0.22054251230981897
-0.44112520967915636
1.0345869127337606
-0.13333248885762342
0.9579165016677329
1.221139968197837
1.4770231713464963
0.2835543316110973
0.4161141199078882
-0.1662274634529668
0.16062071262024663
0.2262821861883701
-0.20466158354575398
0.9325151416877185
-0.563931270024657
-0.22085764338585953
0.6328042702169423
0.10288760474061386
0.02521281718559175
0.1159916990977316
-0.34299289537699695
0.8673781969717073
0.33523530796094725
1.3223863781116887
-0.8187683227836965
0.4423210965253947
0.44383837888422095
1.3755254575042728
0.13456309397831118
1.7570562744616294
-0.784318974035956
1.2677994678062483
0.6982945761545607
0.8090226525719729
1.091043196217025
0.48403815547854184
0.9344799166568638
0.058228500297789344
1.7078195120885813
-0.31715117379258484
-2.411351749538714
-0.9208576114343454
1.3237582165067765
-0.21415945170777717
0.5163205992871441
-0.2802385186654993
-0.9996693858293392
-0.4271699765091946
-0.5092294052842592
-1.0537569973163494
0.9100112670880303
-1.4717321173050764
-1.0569611439747948
0.22173865375305715
0.6069662880192987
1.2726265278702773
-1.8418762190775153
2.4789466131427336
1.417224463424876
0.9746475823805761
-0.4857351621394567
-1.272153688498498
1.0388021280429314
-0.2127485422329794
-0.41005646364684595
-0.5254162043547494
-0.4679483803638703
0.0053028560282446955
-0.4228022847348384
-0.5644703714007341
0.050866636834331895
0.6061119142162027
0.08006126591680339
-1.3549394622379556
-1.0181698805351995
2.742196954254734
1.2044383165388208
0.155961130066641
-0.5181397723604271
1.1816262442607988
-0.8889739094078869
1.1227684469878094
-0.199693999289928
-0.1747732043987944
-0.5567157137958089
0.19898988735916473
0.22176333375379959
0.2823520838927424
1.2683757800138513
-0.5498024286472621
-0.00036685437943345276
0.9579860262216457
-0.356765628998139
-1.0784609303600654
-1.0455912214485996
-0.3852510115318525
-0.4665377364706359
-1.229785081627342
0.9700919438794209
-0.0063299157688308716
0.6446682084471964
1.0917883459696491
-0.2690774272596094
1.285005962741718
0.210769415985837
0.0335413557887132
0.7992305017762229
1.3190508313204714
1.269233406414578
-0.9039423048030466
-1.5109924374061428
0.5006331958056754
-0.9380160314389296
0.4650300331366359
-1.6996991178207708
-1.182008836777648
-0.7829961517572579
0.09464524754989434
-2.8222669622657985
-0.6107974559166188
2.0740293087865163
0.4105330848702285
-0.09394140480188957
0.1675828978101218
-0.8094145211810115
-1.968301460273136
0.8281571720671136
1.012108282652871
0.13109312670599085
0.13567779414579198
1.5303861385748991
0.38451972485903696
-0.7586951980840236
-0.7047228958790381
-1.2933194598465763
-0.4589142981188274
0.304645492230254
-0.819220689806912
0.20906547903382033
0.8149288455968968
-0.5058179027342815
0.8029239418313953
1.7646224443081298
1.2575922858401665
-1.3704143261976731
1.4096025261831155
1.0654011720617622
-0.6615279718628758
-0.8103399919035595
-1.1100533863562958
-0.5463931634547575
-0.06251460306009526
-0.2540910885433833
-0.6670714054281506
0.6996918170867513
0.6254458553585955
1.273550986002807
-1.0450682468126877
-1.0580477065115608
-2.541952665504378
-1.424109417522591
-0.39339796050863723
2.4348569005326044
0.857326256504169
-0.41514950237120757
-0.40754941407836703
-0.7118225142922624
-1.2027168725316826
0.6025441518310654
-0.7240981558931182
-0.640270739469109
2.9586749830719743
0.02970758681055365
-2.355743012519794
0.5032201155293285
0.4269120075929089
-0.08475560054553155
0.08478606401259522
0.7786004442267799
1.2844219963304375
1.0408925620748573
-0.3581685212284235
-0.24755830441536356
0.47966794359344433
0.6972706856334108
0.7853474528741518
1.4548305469616947
-0.5476789952919797
1.2563163381774047
2.297328697646701
0.5018826679749596
-0.7906087854664141
-0.7844877020583663
-0.6697118301611636
-0.7518839411155893
-0.6393846220442605
0.34784008312263737
-0.09126943743218392
-3.6552024323683527
1.5123129875703183
0.7019252158335713
2.203605329447009
0.5321803282761164
-0.320605457852014
-1.0967241597785677
-0.23906517454586165
0.7963859763725237
-0.10311582743493151
1.183407514682576
-0.08062751010229277
0.7247265910517862
-0.07184242734450556
0.16033731889899888
-0.31334846440925945
-0.651508931132849
1.5103242748789671
0.6423684229136003
1.33527295825306
-0.6527133101908043
1.2905384427511457
-1.5260192898504705
0.010911170755218145
-1.2633592952424044
0.35910304350273375
-0.44465805129697256
-1.5083360454173214
-0.0043181284867946776
-0.6635846642221731
-0.9899113013851721
0.5107113337875655
-0.012472358300256288
-1.3400777591879003
-0.11104069043503337
-0.8370738605429817
0.5296963821270995
-0.9773553653291448
0.578350998454846
2.0900236445211355
1.013590219949974
0.5329454377120756
0.343997280750112
0.7773470246778086
0.5860132246297265
0.9414485862099589
-0.11752444962540398
0.7609951989627524
1.0288578185704504
0.04681907942529714
0.546050643895168
-0.5976503075668829
0.4994392899900818
1.5119376358841945
1.403522226539144
0.20610653479230007
0.9021417611476455
0.1697520397740124
0.784460059984685
-1.4027107082529764
-1.771860953300685
-2.3630715902767934
-0.7130088801294377
1.089676193093404
0.8820682239019108
0.3183514152537904
0.504020998642143
0.2116615200162805
-0.09467987352158899
-0.6652988743506448
0.004372481594007674
0.6732017915259214
-0.9338833073159157
1.262024706338603
-0.05898650079154575
-0.9411543638501992
-1.3067592049249388
0.9375580866390615
2.383180966076102
0.510380057964256
0.5493888683016825
0.1918470638309989
2.1218198967058206
0.8874488054231698
-0.5199320811015045
-1.0590517482543813
-0.628855233079303
0.04576261517605268
-0.554919885154624
-1.018404032371332
-0.6140347458107547
-1.1532471207988255
0.32560474819823676
0.31889817589676656
0.11018720410367895
-0.1052048838849891
-0.6190392611967664
-0.9259439382941863
1.2201997883914468
-0.5618947910666909
-0.9552518755363597
-1.0177690871289393
1.1519766291350357
-0.13296665919754322
-0.44962301301913926
-0.0067560171891571
0.7355736023704209
-0.3089131031239545
1.5776046234594934
-0.9567409412327504
-0.2969126208417295
-1.0772625163372715
-0.15277503226219327
1.353353730631431
-0.862425597862581
-0.765413510449383
1.6999842416874194
-1.2192324671283452
0.9907424694078595
0.15637922785855374
-0.8086326415880238
0.51771248414905
-0.17265933643097967
-1.1275443816720483
-1.2992452845276756
-0.4693587838553024
-0.9397797635291858
1.909110898623461
-0.23862017356083184
-0.025807371920409494
0.7624282607265851
0.3064060654820233
-0.4581079422340741
0.23077234815323952
0.7258287070419857
0.7539362172477664
0.11545527440575247
0.9093840149055241
-0.7862079132513335
-0.6919128541009898
1.02063099827511
0.9684893793070537
-0.8662716680870872
2.541140631853776
-2.107261216857115
2.658996045167073
1.8391258879815526
-1.3318606926042444
0.33608795143123316
-0.6445567279146408
-1.2217551809373264
0.8605519214195996
0.3307531158133247
0.06806919310086965
-1.7204134666860826
-0.2223094358780733
-0.9981333131720409
0.6248828175365053
-0.7978712790365424
1.5770654473500303
0.9629531839765004
0.41821351764182874
-3.030706503215169
-1.0928807835949403
-0.30393037478464696
-0.6590705959043357
-0.07782828397794139
0.05056156194559631
0.6123398963982724
0.12238466652469825
-0.27274443292493705
-2.9321810828323582
-2.4674805833498605
1.0977166869787647
-1.1437521698296413
0.7674461255439019
-0.41941868449754405
0.11726816277879593
-0.2668691453514297
0.9536736702163815
0.574526468941166
0.1391533128986696
-1.6401510932688175
-0.3293203177200323
-0.40163130206957265
1.1509103670928602
0.6824274323266554
0.6567665589429437
1.0792773955314938
-0.25324445110970883
0.17559079665850855
-1.966173385848048
2.0035825739397977
0.12706857073575364
1.1015262902376344
-1.2120638405569206
-1.064389305438216
1.5345560074045694
1.2149505353692358
0.02110292096448894
-0.17222918929512984
0.9424350311709871
-2.857521148187543
-0.6881312575406384
-0.49537090080092594
0.7035681681474955
0.3115888169216383
1.0934780797976187
1.4801802325392721
-2.4650846980921193
0.9910177542268961
1.6636161577962862
-0.5800823617643783
1.084830966355552
-0.2103475241275758
-0.09482683883048071
-0.8281922386022514
-0.3293381325440786
-0.231634243717346
-0.8411708617656564
0.8701140903224452
-0.11437707509153838
1.1640953466933213
-1.9183407947837605
0.6701715715735302
-0.9948570094465223
0.34897382847402847
-0.48926049466407634
-0.7082934932549323
1.038715864938042
-0.4917290688181152
-0.20797449020211226
1.0450725914744463
0.276174424635765
-0.2674501758368234
-0.9547025496136488
-0.138402679883346
-0.1938727243802415
-1.3003580618971797
-1.5861739271301378
-0.771607647933279
0.3791794403013585
1.4056952148449129
-0.1370402259906524
-1.0838756651893655
1.050957558347484
1.6373988693659323
-0.9357374045817809
-2.1086924487462255
-0.6003018347354635
0.430942548311209
0.3033595026008261
-0.5210958963864689
0.8390230281609915
0.2705928087737529
-0.7092330393182016
1.0068960796393762
0.30653787938873117
0.19656098185527573
-0.06068956493059787
-0.3767678615517977
-1.5502789408614015
-0.7277705079682982
