-1.564231059175957
-1.0673448132859085
-0.2163544553116392
1.0054899595137392
-1.5847348772830552
0.2702303329898965
-0.6562560793757343
0.7434655221729176
-0.6806713727836544
-1.342753993686859
2.5824818583068883
-0.8212018737037975
0.31185733989725284
1.4199886010505827
0.3607933055018587
-0.09645962919600987
1.185338016961155
0.26674161436683413
0.5644362300389777
-0.33196865313261115
-0.9081721257551147
1.1509132884265727
0.7205858195807822
-1.2596961481788862
0.4040977049395453
-1.1413382861941455
0.3646653764257532
1.0157274946228694
-0.7537742282827914
-0.32866363914417024
1.0430841153482282
1.5567003360068625
0.0775729676593455
0.34609344031619016
-0.4381057032406056
-0.321030533970547
-1.1834172743498483
-0.671876539840254
0.8199432860924762
-1.6084475102657778
0.20812661766887303
0.6616031498571032
-1.790680091377736
0.11391296735790866
-1.2534942452803395
0.11551529659551499
-0.554597515711456
-0.4290002505935481
0.4969721594769044
2.798127516151374
-0.41663730881136546
1.1063719998566484
-0.5451291994838787
1.613949369797352
0.25696405640405345
-0.37140748250979505
-0.4269389011554216
0.30449981568631423
-0.4551612375269475
0.302557399226857
-0.9232369680030225
0.20100119663657814
-0.8332021211207191
-0.14543330961418163
-1.195341272872816
-1.8030423872059231
-1.730524356421655
0.06723743479330523
-0.622376459808966
0.9654566088414093
1.149616196061653
0.2523018417454448
0.7280213629968142
0.3350399901139275
0.8927293719471557
0.3570494238145705
0.7262370402741357
-0.5514369418761319
-1.7244070433351182
1.3242647981216529
-0.5363337974885235
0.2915597077962045
0.23225297243170126
0.07425573893817411
1.3991520817806145
-3.005254629873127
0.5036138019236713
0.5701104831114286
-2.11987940839469
0.5401221293910378
0.9146836459825513
-0.10087255514230355
-0.20608301977682766
-3.6146940364134066
0.06637136534266345
0.6456843924203939
-0.5610013585170764
0.052056201478370284
-0.189542914316347
-0.3101895177826479
1.0222197378200852
0.7701443366095915
0.6381793793498264
-0.5513037922099203
-1.5070788926163408
0.6942610086119623
0.5201932584963043
1.0513460721635453
0.34334841093022755
0.030145060199569838
1.2978596685315171
1.8960204865769754
1.1177227154465725
-0.7945974899075069
0.8580941920916275
-0.9958032126453453
0.7906119737023051
-0.35546613216006584
0.972549959638977
-0.3921547094501002
-0.05374316201796161
-0.21978457906107626
0.7920753265388539
-1.3692075008171354
1.6991358937783587
0.23478107488842362
-0.04209333349768255
-0.38941604294585175
1.4474166655420284
1.9497038467847418
0.8699762277152873
-0.3378010868208233
-1.2864463532242438
0.060285817161759174
0.7955006990184994
0.9609825191665261
1.2694223452553226
-0.6996566432741026
-0.577963379244314
0.33196127459059155
-0.9965945549889579
1.3943447229693509
0.7544567640207673
-1.2309810585622347
1.146755721517663
0.36767401336953054
-0.25244456710314067
-0.37779822864568463
1.0967936735808497
-0.9734291966109837
-0.5608772904800913
-0.8601461381620009
-0.14029619376324745
0.38092869979643723
2.01107648273964
-0.6250603955239075
0.03195197897146099
1.0315447365963328
0.1997720062885339
1.0531163409040785
-0.5815019511088891
-1.438156253296961
-1.7175902925107516
-0.1918471850656286
-0.9755956385296579
0.3156483913899628
1.2952051121457033
0.890732487570098
0.056699884222226174
2.69819397662101
-0.3439860575590995
-0.6123585150802027
1.29054505552665
0.18378527567418398
-0.4891900919136442
1.6083353821830377
3.8979162486511503
0.16424073726779195
0.30378924120982315
-1.7598203790402425
0.76215020107368
0.9215544099991181
-0.3390580063822576
0.9953274401072619
0.20474519901708246
-0.5714498423280336
1.811315592786427
0.4962001919775664
-1.8674235355828628
-0.6969122189785488
-0.27066105706792726
1.9886934000855896
-0.2833864259293648
-1.0142598134074197
-0.9390789045143548
-0.2551415394363025
0.8116674895902279
-0.23019007838067215
-0.8691697679908096
1.4724704778239195
2.0949188598075437
0.12335319673153278
1.0085149054622364
-0.4833008080945557
-1.717838173505712
0.5126795544147519
0.09915592246426858
-0.14702593589581683
-0.5667656526016518
-0.0773834748690878
-1.210588358940215
-1.7070453653021627
0.9193762013365102
2.2172799033459922
1.4674470205023087
-0.46317216352094587
0.09951740293027186
0.7405479255428133
-1.3344622202256144
1.0156783926411947
-0.9304490054179786
0.8447444440102263
0.9585677714614291
-1.1638199520749761
-0.8937186214518531
-0.8471072467169156
-0.1689163523882566
-1.0795516744328173
-0.10207472357126814
-0.13818138449044148
0.0981412109561893
-0.669437862043169
-0.19833113481233386
0.09776751115586137
1.0929386055353143
0.38698919728165265
-0.13884948750739995
0.6177674953895759
-0.8131071095216963
0.845015216736554
0.7446697665480058
0.20417232146966519
1.3503909709772248
0.6865009505479155
-0.5137930216496281
0.37974879575027704
0.7440545830479334
-0.49763958804110464
-1.1466303026646127
1.000786869124829
1.2803659444203679
2.4504342465923483
0.2453623532279615
-1.4566162788018355
1.1149062568683097
-1.1258998894657826
0.46659024131355337
-0.20513082484110978
1.2985229202000437
-1.1152689942349747
1.443782242709581
2.032786537249771
-0.14190931316234442
2.3964535969179597
0.8754992927665998
0.918895824628329
-0.8009314460701323
0.0466781527514812
-0.1770914615519337
-0.367753642408574
-0.8232604505931145
-0.21260819521272611
-0.4684520780326601
1.595439471141428
-0.3636079555950164
1.4893771820304922
0.4610630851938813
0.8329089839552778
0.5741666893468613
0.34141742709618633
-0.9529111734503388
0.3649817011321048
-0.7998122936075812
0.7508154668053042
-1.4598366672330565
0.6018303642946367
-0.03918588342914332
0.9392005862067531
-0.4062434397037463
-0.45612819907642943
1.002344736564354
0.5058656382993021
-2.0419025239227846
-1.3563203802283028
-1.2266059001540415
-1.7020883938310991
0.517532515541118
-1.3161294240027392
-0.1951335933880567
-0.5368415202065265
0.6210088587879801
-1.0117799536543126
-0.07727430754015227
0.582613530783414
-2.0810745582465806
-2.3721616908693757
2.3945721610215287
-0.3824971038051487
0.044334602134966185
-1.8314732843342303
-0.8422919955066999
-0.7127488240423372
-0.36399643694847683
-1.3377450042285566
0.16378902216050406
2.1263449751038874
-0.4765083955065947
-0.1681187022135487
-1.4049604832372824
0.6105622758373879
-0.14839683013332056
-1.077055330000273
0.7755650842914535
0.4643573039816477
0.15556793647128633
1.1146557839820679
0.3842028095630296
-2.3756294509725397
-0.7382996818173884
-1.3329278983661281
1.166529587513292
-1.804853899299426
-0.27095413604549384
-0.9651978066307844
0.16105109116350005
-2.3675570999278444
-0.3345263783706027
-0.38424594005001994
0.6034658121377589
0.06302916759003871
0.2512548944153655
1.359082916381515
0.1355497863476692
2.646183703086529
-0.7963052580926342
0.635412166088027
1.211315620564887
-0.5733780225925161
0.2160374178528539
-0.47618793847893914
0.15957480775014657
-1.80035524422438
0.660095115213056
0.10827049950477449
0.9817426615837485
-1.098831375706393
-0.3450066024858058
0.09734447028852322
-0.9412623333192238
-0.2831625322328957
0.2511597991902542
0.1568075555380277
-0.9256021554971918
-0.6572996782780025
-1.1951255710943247
1.0485501726751958
0.6789622897510237
-1.1747788614934385
0.6056569345756625
0.5249109649481785
-1.2836171678504906
-1.9462761347688466
0.5879124272819477
1.2374505818490076
-0.45417957558851746
-1.9165045022129168
0.7910299410154797
-1.8803127925694818
-0.8425109688512554
0.00031293144258540633
-0.20602043625637584
0.5577156105867574
-0.06927247125206043
0.20879542791009953
-0.309564161426856
1.3893412167793862
-0.3436285128854544
-0.22996590226477584
0.8343371981539792
0.0008138658943858111
-0.8524567217544183
-2.8087581794424215
2.1993366087294217
0.584915846696326
-1.3127487091725363
0.16622152368055657
-0.8398281256538024
1.018577702504404
1.0934290983413382
-3.469125847804391
0.8015337115933147
0.15730570048578074
1.2449048680525074
-0.8264073227990736
-0.14331803263318788
0.20806190412827386
0.0208717958993174
0.7526794357782147
0.029257465084892808
0.0857750016092283
0.03932362327758208
0.7802830930207678
0.5174632419945934
-1.1738253432409724
-1.1508808451729229
0.7578194200226291
-1.6317332680255736
-0.31654548288770207
2.7491095420235725
-0.19498066282888252
-0.24471410817521522
1.235769299781259
-0.5591722442809253
-0.09060685659791226
0.7103543646304865
-0.9534674751110643
2.4414961773041273
0.020549251722571868
-0.15834632323017564
-0.6116928479738959
-2.338164717550513
-0.08100512141314496
-0.7529523868087462
0.380323698165791
-0.1227338958413494
-1.595860471098586
-0.2769920806155039
-0.4057039769371538
1.362388565684254
-0.609170055346663
-0.2907231623673308
0.8171605160379217
1.025494088492743
-0.3749085570580363
0.1284843477764898
-0.34221972336288664
-0.8529580054349123
-0.8858904793307839
-0.284449457788262
-0.06950718151823335
-0.556973821693767
-0.17106578263310215
-0.9236507926932261
-0.8108591423706059
-1.373722239661778
0.6171362647170618
0.26857744011270757
0.5368216501576549
0.6243837877400125
-1.8928120413732716
0.7849557687399698
-0.289615064894694
-0.635703739812197
-0.9205964398262403
2.0529636491179466
-0.4070901281777122
0.5998179094852448
-0.6571358011012864
0.8952440267283756
-0.30941762031349435
0.7762054724131661
1.2036659353060521
1.127917245212728
0.86579695256447
-1.289939831222186
0.1496191882040564
1.5621276067043763
0.31105844799900784
0.04849402666955665
-1.698793811249872
-0.8180828271020906
-0.7661478388770424
0.2929204958742794
0.7816738195430745
1.4949538397921305
0.4124225016014693
-0.5491540498388701
0.12830644648489173
-0.42445074682435535
-1.353583749694464
1.9220254265521208
-1.4164961818196984
0.5434919109043366
-0.6584391562213372
0.12306667030828583
1.5080033581963994
-0.0033833917048877713
1.0035575996766757
-0.2089755605610964
-1.4587276841384813
0.23316128734649846
0.37173323894324173
1.0022105094058502
0.4930778770194228
-0.11932636840794651
0.8424642436629199
2.433029725797323
1.5756794841051098
0.265937339126995
0.33148662941501816
0.4110079170263136
1.3287719837543304
