2.200654777419166
-0.058549676621614116
-1.7549572714495776
0.7733600988983327
0.9218320219732579
-0.19088719507223442
-0.006300573845465711
-1.0398255662542546
1.025424604092985
1.108358195806063
1.1128253040543508
-0.7898564129971414
0.8061456759941159
-0.5079122300974732
-0.8448173563871001
-1.124637590458165
1.674151693188857
1.0835759885509626
1.0170303113354295
1.6064785974365134
-1.073379569774024
1.7155869162287432
0.2858908968007359
1.0565040108673829
-2.2156658688144444
-2.1198899463336884
0.42352637752007344
-0.948690134462655
-1.2618540252038766
-1.298248995934876
-1.2311873819974002
0.7143082185884472
0.04164113239437666
-0.2056463944717912
-0.2889261728920391
0.9814310100370832
-1.0959489138292826
-1.9371235068190293
-0.8994246066191638
1.3599286263524843
-0.26183810291036724
-0.09425804263256701
1.1443809478756204
-0.9555160965434386
-2.062361726233291
0.6323054957130188
0.5065171872828929
0.5009033263224036
1.1891388966300076
0.9582973708805539
-1.0896311591195342
-0.15730986010665046
-1.1284406222477503
-0.3062396681273529
2.099617733265293
-1.591672172946914
-1.576160281595064
0.5842060367447884
0.09284235037356618
0.14623233442381336
0.3249193792440123
1.103084575560196
0.1944819186883749
0.572766524060544
-0.24641536038015466
0.25577596957102516
0.14584333337001806
0.021810604500536367
0.1950020649429078
0.6420627209052807
0.9556590520345748
-1.7565850393122022
-0.10852839935022039
-2.1534681817933707
0.6380538917180054
0.07069416687240966
-0.12609367716491413
-0.19674908246993522
0.06780854951769634
0.20876867297627225
0.25453033796599234
-0.5506893195331429
0.4958874696064668
0.6816159470897437
-0.579115976799179
1.8769237045701141
-0.7339535410917727
-0.3441903433415515
-1.1207193082138562
1.4546065407843871
-0.5378602151587119
0.03321119785905692
0.3240458879834087
-0.13483082670728688
1.4055648700997763
-0.7764468788345575
0.572513113702026
0.6055724003700298
0.4191958391832616
-0.4419764348742933
0.8608507001367386
-0.3352962793608412
1.0350867088644495
0.05386099534187341
0.6398617409643206
-0.24104468459150638
-0.5399419944317182
0.32159535716164295
-2.0792722103412222
0.5344435964939934
-1.173540359652054
1.1982785346773472
0.3216606281790293
0.1348636781032837
-1.9023762612897699
0.28336291030133337
-0.8367705034860797
-0.5568289554359188
1.425884103381479
0.7867018362676395
0.6215345365171523
-0.6479537733033962
-0.17401294031179765
-1.6555791243635032
-0.06416535819396964
0.9839432530272338
1.6644729708186154
-0.5215395782346648
-1.1294687223349578
-1.4471689329015456
0.9416574928410715
-1.2528361937247448
1.5934300419986953
0.5609366476310162
-0.022653635239502534
-0.5300832460495593
0.8021349215795239
-0.6738657616142418
-0.11904527831053074
0.779380214548692
0.0012859297214300202
0.2560408120089045
-0.8233016174176107
0.1130739984443463
-0.6091223059326325
0.21187705897114786
0.242621996266813
-1.2350812696604074
-2.6191729227070955
-0.9930771048844428
-2.3319385502415364
-0.8062718136581228
0.7283184890827841
0.030831240882833337
0.33154740642829444
-0.05388379863749195
-0.35847976405522175
-0.09277744562893343
-0.378854410072996
0.08041319205358895
-1.6040507112414009
0.024019559741955413
-0.7232636163475381
-0.16025118127315874
0.7237470998107096
0.6889588241182845
-1.7870452266278807
0.1572727986657067
-2.2161501480996124
1.7516259823836102
-2.6235827686960667
-0.36890610455558037
0.6286053063528155
-0.9594285757872781
-0.4092891440982173
0.7101703423976138
1.6344399979975224
-2.1528017083409114
1.524137695478324
1.3775953819627826
1.4203908379857266
-1.1376818310769747
0.4618325561595539
0.4360325885912889
-0.5269954190126492
-0.7104437189190083
-1.0953172209345416
0.9598354434466099
0.7675731701367337
0.7105627535385522
-0.42839332900141064
0.6017960725073916
0.2724842657714417
-0.20637711316643975
0.1399269704606499
0.07753229490968234
-0.6417195740918009
-0.8383583457802409
0.36834783694055
-0.48333367589909365
0.43705674350154844
0.9570991034250248
-0.9587463656340413
0.16058262098335463
1.5625869614606482
0.7437388213277123
-0.29530582831556673
1.0955036995313991
0.4680752966659002
0.32455703330292285
-0.5880776858221006
-0.44503968498021357
-0.38956325449243245
-0.25951346201531766
0.019687194703339676
0.046513529788183516
0.16922399377300967
0.30621950360598177
-0.1517034879298491
1.0390880850420543
-0.6904880826204923
0.8532121815079171
0.06910242883191231
-0.45567681112364605
1.2995397145240477
-0.0951893726307172
-1.0557364089450592
-0.42390084939981965
0.3606760701991453
0.7199045820488285
-0.7021489072760605
1.4007778513340956
-0.6657638351798452
-2.364634456146459
0.6580247442279815
1.659605645151519
0.4050619328222214
0.6233224895418046
0.7637948092205594
-0.16991841279403633
-0.028993064215928788
0.40404568669369917
-0.02843817930539101
-1.2825387279136409
1.18757722125582
0.7795222915265853
1.2919901413056807
2.011096842113355
0.9902540127285718
-0.5334205003021926
-0.31334859514998153
-0.6346647472874337
1.2823495978221449
0.7720190975668639
-1.7785126882571995
-0.4390822347114761
0.03168263171035109
0.8657292817665846
-0.024498176417513996
0.5492048656984545
0.7698259027660276
0.2340202791978027
-0.3667603360872039
-0.07674455898289909
0.5965636756139518
0.8784390531980272
-2.0983906291052787
-1.876389084138293
1.6060658195775976
1.4462382664965847
0.09490627666772972
1.1182159322921796
0.3064256089466535
0.00667867592147467
-2.025304224062691
-0.8988123081453857
-1.1451048523685077
0.757201890788941
-0.13582655310553785
0.04914281218125431
-1.1928105494463526
-1.2549825056143946
-0.2545843987362293
-2.7489377828277584
1.1789410317416367
0.041810980852472396
0.28703352427813905
0.4092621290713226
-1.4356608938952964
-0.5507429487811663
-1.5800795733527708
-0.36407256212171124
1.4309948634258627
0.018956865209938917
-0.4889073451616082
0.11070302269332451
-0.3574182864624091
1.2684954525136152
-0.8394284886658879
0.4148218387333
-1.16785514812638
0.8747769313508921
0.5877626056457774
-0.03228469256906632
-2.3618696594173274
2.000901933822417
0.5707688746019145
0.29047317964260333
-1.230736718598447
0.36615032021027527
0.17844133692312653
0.7606580207105778
0.19211238920317483
-0.37547372296451687
0.2786967679445932
0.7367753775829132
-0.6304721030061462
-0.6567887221916703
1.4248742862498063
1.050527330545621
0.32665048158573723
0.3455826864888144
-1.4760822656608574
0.7561760370311604
-0.00021240671675591558
-0.19936179290364692
-0.9879839878850603
0.9267014302959888
0.691678768548372
0.009171205780276723
0.5893466327869002
-0.7678923345907378
-1.2114984612223716
1.6155147460843806
-1.7537989668640306
0.44570335702259084
-0.594017980138094
-0.8987310262974126
-0.8602284839174664
0.6255227914862272
1.2446030897215161
0.3125356605602397
2.9366765017330576
-0.803913798571943
0.01673913266756656
-0.818797032188546
-1.5561305221607562
1.0702655596915296
2.1498063177043267
-1.187714881678802
0.5666544181816379
0.12503188872247414
0.7176999069740543
0.8844306178061316
-0.844631829141735
-0.9888047621370264
0.1319446107484607
1.2275897832237062
1.1082544132203083
0.09496880565935387
-0.15475044484926917
0.1486412648151116
-1.8082654722524818
-0.7447001643161887
-2.044252541769781
-0.0057554681054990085
0.49005555996221417
0.7876925467968828
0.14593547040235635
-1.0959888211123838
0.838766296261023
0.027902244894459773
-0.13570219429649316
1.0490277096174827
-1.6259275769296644
-0.25386515914712326
-0.9563927132859344
-0.16406752580991396
-0.564262038106217
1.048169029218359
-0.22090554398832968
-1.245040604763139
0.9620661713142081
0.7964470373329928
0.7076543532577051
0.08700173575000875
1.9570394459264495
-0.691544774360996
1.043610250027282
1.531736086352929
1.0082916918721674
-0.011748083991800795
0.8175163734856405
1.4534864114755512
-1.042102608069361
-0.29036630891877774
2.3748894993501852
0.3658066351658871
0.293284250398453
0.526030589028553
-1.1665927643119653
-1.2539505090662189
0.08468443152185072
-1.2805128622060815
-1.7759764647162564
-1.4725480463826037
0.5769863197509241
1.6450589419075525
-0.2209335542116983
1.2772632101759889
-2.9700045351748083
1.2334875157401293
0.032834599685025
0.5756583276416536
0.1320715171091963
0.08872890982342707
-0.10478447757048646
-2.169412609880922
0.6303130665836659
-0.03584951038730187
1.526953600313999
0.6395450067329342
-0.4718475902106446
0.9578509315595819
-0.5291594269280012
-0.1573593224929054
-1.7167045122793954
-1.5564854047445493
0.9663148777442787
-1.9562928962124753
0.00034036860327659916
-0.8399771246457434
0.6259798180474154
-0.184023185880086
-1.0137093249168845
0.01407962413697514
-0.9556330570325419
-0.3186566186327966
-0.9573211882030958
-1.2979848064715305
2.194284185389635
0.8971709917338806
-0.8152326137109781
0.7608101296381307
-0.5706373671641182
-0.48615673580969204
0.43623918792032296
0.005331519924665797
-0.9560508916991557
-2.602746756248368
0.04123280975914734
0.6597048894640325
1.566691125500268
1.9223118076859502
-0.5312797989939285
-0.9257372433114723
-0.6777950021597882
-0.26754039287794085
0.45482912752765514
1.3422699549640815
-1.7273114309529933
-0.3749952153631998
0.3296277260190153
-0.8521518686699335
1.2576252440050228
0.6988621598911106
-0.03927198245108605
0.006496849923823136
-1.2368124616395022
0.06766521691299418
-0.41106249124691596
-0.41466875933964475
0.9734621270115499
-0.16968894791957326
-1.1286566659908355
0.5554124694201775
0.9164923876452559
0.4057186423877013
-0.7796222410708761
0.18966667138001306
1.3243634858776603
0.06914568912414118
0.09898209961095576
-0.7441856924523765
0.642766690041337
1.0020843353342885
-0.12126879334481316
-1.3573949168125512
-0.6616780836952287
-0.24227518509119061
-0.20837269171931747
-0.038710980064095915
-0.3394384382734313
-1.7423631686666867
-0.41838566870218524
0.2365353344805799
-1.2609039741473438
1.0645395370612991
1.1730213208287155
1.1895818019656803
-1.1613392077551954
1.1404611351550449
-0.5454808225420503
-0.4805209269397823
-0.045910904539513804
-1.261392508587446
0.6251462149574478
-2.0714974434230236
0.3335275763189929
0.39633193493222774
0.6620013276887499
-0.7234168746741786
