1.4888366958664339
-0.30413804556079865
0.6435246229392118
1.1529485597758804
2.5608857302399732
-0.21549338487421005
1.1155944133810922
-0.2361081901163025
0.3857177520117017
-0.37139609945542884
0.1280660951282146
-1.296682400701933
0.013309932657728863
0.07633852540027615
-1.4756650910783708
-0.11691978935748867
-2.2052603744156505
1.8610014900177856
-0.8245172398745778
0.05386729382124648
-0.7219541440617578
0.7216015343189293
0.00865905238015554
-0.7747234162720206
0.9225459815253158
0.2665442257593656
0.8852896841731243
-0.622087086443607
1.292439558137693
0.5835252312729966
-0.01928718413732947
-1.561533027542239
-2.0879577449932945
-0.09586408513244817
0.8194052817174948
-0.8775511779954094
-0.08731247167297397
1.211002823988155
-0.5587831167010114
1.6257833479230321
2.9421676938101182
2.2566943665424395
1.118447537859886
-0.179131871220327
-0.1381259854046893
-1.502566488051658
-0.6780990987373914
-0.9752906072769029
-0.5809751662278411
-0.38443989151249136
2.1679595653434864
-0.5349264242123951
-1.1002233344468897
-0.3119505450312115
-1.4413493548626355
0.1733001326326581
0.6920855442104796
2.0139631931806043
2.3507269662189625
0.8774034437605185
-0.38563415334325746
0.47960261988444786
-0.134898459762368
-0.529728932993576
0.4312424394994927
-0.26606585171461866
-1.8032376514481372
-1.517482901422826
1.7753051560458992
-0.8957952764343352
-1.5049896968148821
-1.1010630197334825
-1.1592728947850564
-1.8491759656521956
0.11557301630438857
-0.8211737634860835
-0.23361056144213493
0.06936540007571355
-0.8188540688318461
1.3456850653974628
-1.3318260920141676
-0.04053562997816712
-0.058732925893582075
0.6050871108763878
-0.689426170620215
1.1054717503504794
-0.03606819922898082
0.9244159717657564
-0.8154682747275571
0.5992280102582461
1.2501923167109132
0.45365097458205417
-0.2686708221694494
1.1137100608817485
2.0329244900460473
-1.3614214103018734
1.0644291108053803
1.4621762724575678
-2.4004246693235176
-1.478052903524002
-0.48643451446226477
-0.2839430670901315
0.7479009970699694
-0.7154301493397888
0.9935983140857004
-2.362549113158906
-1.0248176784798444
0.9180246493404701
0.29392184206525157
1.1850133119619997
0.16790015158953506
-0.9645769542855689
-0.3319573637310728
-0.247434020439178
0.27821209574914074
0.2376542197529494
-0.5047730252854591
-0.9336582103764408
0.656173980778614
-0.1683573580540296
-0.033289235319368574
-0.4595597503333415
0.04935626200001077
1.5715569552658517
0.9156160606339779
0.005884483270664487
-0.7213845697089635
0.28364259168092937
1.2536780180639708
-1.4515547330548575
-0.5697564829234534
-0.8042512763220658
0.4956771071219225
0.573452369539965
0.25021429465371026
1.0348986281527293
-0.47396438546181857
1.5672579563851528
0.17710250224251906
0.2041289674450562
-0.36702253853415756
-0.6447345080709499
1.752522628327031
1.0024500193211257
1.154035801338283
1.1561706463224364
-0.07523669992315253
0.6978829378355282
0.12990103196123565
-1.2409875505581813
0.4545936555015206
-0.3618856494281249
0.1845392894558741
-0.9584607390864367
-0.16524635590277167
0.7174520448247491
-1.0500940772064598
-0.25781021482146543
-0.9102890123008901
0.34731714836516236
0.24649603018067548
0.5230624345994912
-0.4860298097662138
0.58003075583341
-0.6645743612654141
0.9399129389932465
-0.5307127545218903
1.081439693264581
-0.814157415282958
-0.4326491308976516
0.13446754091789295
0.4042902248825876
-1.0965456060036105
-0.772451496552889
0.7133135987883809
-0.5385466485844955
-1.0602396287115718
0.025405783477924156
1.5591968037488935
1.122226881936428
1.540089836447535
0.9118581747052048
-0.35581189228963706
-1.2250223723256108
1.0637322625853007
-0.5076723720532107
-1.0293530757791203
-0.26252529568725735
0.2979831708831644
0.233929043070673
0.058523833498750025
-0.32656542408625666
-1.2666511661570352
0.47148998007719445
1.4592162774340702
0.33120178756160806
-0.7904471717134283
1.4615784856788836
-0.3676311813117943
0.48867842780731213
-1.1319562254576125
-0.2410562482625344
-0.6979006086497312
1.3874363548595956
0.6601241230685299
0.7107937026147041
-1.3017870730944836
-1.6065877806905557
0.49973431003564406
-0.6065135541388046
-0.39597898559131517
0.14725088674521072
-1.1215697565874942
-0.4806132866547692
0.2366204069486791
0.25380278287415137
-1.4756036155277545
1.0408217070217787
-0.011982734216032402
1.5420655553598857
0.11062729131598821
2.373911862134492
-0.7538899253043566
-0.02525846982680763
-0.0974598474252593
1.8839834559161313
0.2247892462002364
-0.14284887082067474
1.2616170454309918
-1.06952956364382
-0.9090344547059334
0.010110392053514218
-0.7840015286760682
0.12755504010687127
2.430135672370446
2.526749299593536
0.46867166455469744
-2.2490366117339367
-0.8236638832966368
-1.1765895089536502
-1.7105702123307243
0.40911828898747266
0.8901720835232607
-0.8706725372898007
-0.09452136383784422
-1.2872058814015683
-0.4812236755923146
-0.12568121955856887
0.1548988250167103
1.5797698791509345
-1.5245220580738252
-0.5029094194292966
1.606812726576769
0.02266824525269935
1.2729865171615011
-0.12436393101867468
-0.5578526202067216
0.16049696734121455
-0.06658080935882872
-0.4650100279448751
0.766870619365534
0.6352294339582624
-0.8153462515416651
-0.5145330840659118
-0.3140050290546641
-0.8985652810750955
0.3485884445095618
-0.7027923033420163
-0.9577011002214078
0.3692963626812905
0.05978453715920541
-0.7283755805142292
1.1164354127358243
1.4636228358623136
0.7086317322369432
-1.0987371859321213
-0.22117035305981436
1.1182959557207488
0.2007890793273914
-1.1954766255688607
1.3616391395049565
0.1254461297913711
-0.6834709538457233
0.819185001190887
0.09688832536092189
-1.8580358122590914
-0.20687766036223948
-1.2266490461224642
0.8151846998976262
0.024556076436450195
-0.9882320806064308
-0.915297931912847
1.8555656463205938
-0.13876524316312303
2.357436824915219
-2.5339763429528093
-0.1730600492425663
0.05480902291787886
0.07648787455197002
-0.8684848327877666
1.3901037450098745
-0.1521795647014885
0.4644095883993709
-0.20264494040247116
-0.7123458949956053
-0.1509616922535709
1.7986797854755163
-1.3733466181069565
1.3064480941841752
1.4369858189157378
-0.5840869216151436
0.27829273305835184
0.2967456311716248
0.16521400421139945
-0.3733988629403488
1.3610668066433327
-1.633996518599557
-0.1492884305105382
-0.978413504670802
0.689389618832841
1.360463128570025
-0.5144802892941557
-0.98141347538627
-0.6317662996842391
-0.8894593421055255
0.3411681279386712
0.5731513450481185
-1.0988823887659505
0.37700447229001444
-0.6029515605787183
-0.08852706965831912
-1.3285306261356409
-0.5566353031304593
0.7340265861033277
-1.3498249198120715
0.3839703056782768
0.27160695065853263
0.8234175779375932
0.5838074672895693
-0.4402260036887494
0.5279395025472844
0.45930984147371334
0.025184302995676016
0.191587827275479
0.48258846758711704
-0.9690245372530601
1.2704874257423229
-0.9429655643626611
-0.007911341470360251
-1.2025908025653314
1.28482696006117
-1.288886156495315
-0.4492101297543831
1.3413100886344445
-0.1682294817554701
-1.4770374497237548
-1.2306088302308222
1.2733226256860257
-0.49006637125721875
1.8824385369981327
-0.5927369255213352
-1.0183797074014334
1.0775680015017999
-0.6095498623308937
1.8853341435636655
-1.9271487696171083
-2.030303525770192
-0.07543013903524046
1.685798883639753
-0.15741105216371068
-0.43476674768578566
0.09721519208810829
1.4892559106352543
1.7134336469503948
1.8371066239392542
-0.7484688215009561
1.0926429926414045
1.6607655538387147
-0.5918607102980453
0.7055653555121533
0.5985915776050154
0.7317992414195139
0.08579672013453393
-0.6675063798195461
-0.8109687030640408
-0.4754296128247748
-1.0206416488029855
0.7468985403194627
-0.7238311618547193
1.1737119776253264
-1.0878002305949082
0.36206488700159156
0.7000562971046166
-1.4703694748319032
-0.5563841906591018
-0.3192968475001703
-1.1594726529770576
-0.802616181225409
0.07145281246637535
1.4355902204693305
-0.6670310980358957
0.738502122823977
-1.1137742760176033
-0.06792090567704354
0.818120316903022
-0.4963667964710423
1.4351134085540385
0.4041188615163113
0.29340994479953797
1.1612207789200544
-0.07159443434022532
-1.1919946660467278
-1.2619265097267593
-0.39990095541451987
-0.8942995189598597
0.46813658333379154
-0.4166246819648299
-0.03496963293979044
1.675010041375046
3.04575779580166
-0.1858889456235836
1.1897147943413482
1.456092312437965
0.17194787747351734
-1.0209882712592317
-2.7262572330202874
-0.5583280635596805
-0.25360114092672614
-2.3968587941243573
0.007803076724934901
0.43653704988405434
0.27974795190952756
1.2247502509354733
0.5560021131450436
1.2789596011112396
1.0644215160118633
-1.2388055131319065
0.918417969546483
-2.392739226593272
-0.3688462685724985
0.884455912546642
1.191438040907532
-0.17797040113712537
-0.9150774918285491
0.758346013371807
-0.15814462759541573
1.4034723520661576
0.7643876565477177
1.7248312989340193
-1.1083258306525658
0.9484021924778977
1.2425935739866618
1.4275086630180425
0.8504947501901892
1.9245127757765523
0.28584013963349153
-0.9427311062156724
0.006583582621212389
-1.0999531976635804
-0.16238823042076553
1.1992227519326135
-0.6278093915455617
-0.4890886013914223
1.1856371705192696
-0.4687467038532985
1.1506079515069159
0.03282699375914407
-0.6703128566666399
-0.1128347723255154
0.3498794610339348
-0.3600356721649803
-1.7736898263526324
-0.15044776651395286
0.3775559861527276
0.09783930164874274
1.5220823418740408
-0.597531357703397
-2.1669606721146684
-0.9095769658083561
-0.03390524097679606
1.6293176203122246
-0.45022370247301896
1.58676288599571
-0.5425585144870904
1.8379654106959304
0.03379744169777984
0.6776354033264622
0.592610057142322
0.8613313484030115
-0.024880424840223334
-1.8415266813404312
-1.10528749286795
-0.08619130759417695
-1.7196867800776097
0.2991411557619207
-0.1440426752030267
-0.7350535448002946
0.6565171373795086
-0.3077856069267634
0.1482082307845226
0.8832129021197139
-0.948853895558406
0.036581328811986606
-0.5921524099672024
-1.8132480208200434
0.04375058536618366
1.106326363919962
-1.341426230153437
-0.20223427681425843
-0.21252154834763592
0.1458785096934962
0.27825626914551466
