-1.0291403186711283
0.24762521582842037
-0.1157227279740626
0.8121146806574455
0.7790531781362777
-0.7747505338071285
1.1175252502923725
-0.6946120862713004
1.1849209004678305
-1.3912367172723679
0.9808631967462005
0.6748486861144765
0.13182023216997998
1.0510957076452707
-1.3413501406960213
-0.5745567611986682
-0.3476133748560528
0.5685743012087504
-0.4695019509860133
-1.2624890795207313
0.793485447552758
0.9855252472075675
-0.4191068624564531
1.2107062806131972
-0.085812009588856
0.2530093164707073
0.4330181831299065
-0.49282185772129916
-2.1883575713494574
-2.1987304844259707
-1.934178701179733
0.4659022507354655
0.4912757887078879
0.37612782762700525
0.45229519969359727
-0.4863100696223412
-0.8850081984448563
-0.5010257274827334
-1.9919568099247857
0.6735627396041829
0.7048741302457108
0.4544203771166216
0.13155975991219332
-0.3832949486735253
0.559945343919314
-0.9348888198939419
0.5458559272235364
-0.3789473967534044
-1.702437741094936
0.3552892757494257
0.5599456509954618
0.8351824211572227
0.4937633113929756
1.0799033282823938
-0.4654964263151916
-0.31976366743609735
0.8708618756330448
-0.05658309706286218
1.2758956572967988
-0.0870209492982461
-0.14417899413287216
0.19302831947328164
-1.3602770053454523
1.0527269517539979
0.4495850930094061
-0.09570472861970855
-0.12743413014223293
0.7294790266805966
0.3048476779949134
-0.30123217507190964
1.1361938963855023
-1.0028029877244422
0.3589012954751137
-0.5504140779945285
0.8444258122727266
-0.967097732925456
-0.174403369086718
0.15744193417013194
0.3024478383688642
0.22412248100541818
-0.48450618899208603
-0.5040640053344179
-1.0219714078187683
-0.7360161406034542
1.3154422085612758
1.253511019454444
0.6956978985431974
1.520891799140656
-0.06701505694266684
0.2343496626256574
-1.8829374411140218
0.9152099180587504
-0.13653340702309058
-0.39802830084322954
-0.5725986109627043
0.25309974912231364
-1.9811749069290305
0.008682083558481952
0.8929703395681925
1.1068655996016548
0.05658947157587334
0.4064204732062872
0.04696037291150744
0.08363400393413899
-0.8804032769409139
-2.058929983696325
2.3830844212964895
-1.0747559372225872
-0.8056414247826322
-0.741395825562371
0.12005614943004204
-0.7753945485784708
0.5812823911251772
-0.015202235944299858
0.37511655357591445
0.13126810714143874
-0.9917743482560962
0.1938316607126638
-0.18289198649802735
1.4494598821456661
-0.5970712192696309
-0.9022303569361833
1.0159965490859748
0.31073031081550023
-0.8850299106333784
-1.1677291195200423
-0.6276533106172665
-0.8254749646561571
-0.31829270993801095
0.45829066447036054
-0.8485769408946706
-0.7309195670306355
-0.8405835036980539
0.6548853266108369
0.39668456584191464
0.6250058531746313
-1.3232352522575765
2.3000135919654205
0.17501995892313504
0.9161495968154604
-0.5494924050476131
-0.1376631959706361
-0.456370409473931
0.7397154528624738
0.07100625833411517
0.48603184647955655
-0.40638558635761696
-1.153887826806466
-0.06854377706159841
-0.4101002547948781
0.3621652400834231
-0.36486697813071267
-0.6650349963571565
0.4761984835007847
0.3016290606854875
-2.028099634602758
1.0324598484083967
-0.026043915379077
-0.516992951437333
0.6436492858307011
-0.5863579164488679
0.6485864342960815
-0.902305296287753
-0.5813307251571191
0.8756039081344416
0.7328569690490315
-0.08233245121033306
1.0581422019748057
0.7882322356119348
1.5859705376591766
-0.8988722976039767
0.11516545510300565
0.07481987802118296
0.11756830946381126
-0.7711733509276856
-2.232659449805132
-0.046798444017746035
0.9905465260957647
1.9843800303698078
-0.3593210306276261
-0.18441858785225465
0.3455083586742563
-0.33144821262453406
0.6244423360185577
-1.2821112805287043
-0.3659060887139143
0.08952546154620052
0.26289415458365656
0.9911714415293718
-0.6379908197221037
0.35360431411439674
-1.0522692008400993
0.11690290781568141
-0.1941039742441507
0.6716747164820859
-2.6594888301885913
0.4974849993701849
-1.6095520286106881
1.8590759436156437
-0.39801821152503686
-1.2947163650899571
-0.05657876099972936
0.575139008380132
-0.6278139738129106
0.9674253680702558
-1.4305466765913055
0.05549555238810407
-1.4443189357285373
0.9974817184001191
-0.5451244854960438
1.2186951659481884
0.2146419900428957
-2.333763926831061
-1.259488226728599
-1.058673464845697
0.7340612722560693
1.626472655706706
0.23374769177643206
-0.18293905116794265
-1.07294132098685
-1.8813317056056105
0.7727162721748266
1.1758238895545954
-0.8368247603268829
1.1384457465007367
-0.897531286174186
0.3837340002076752
0.43803247717538085
-0.15162041785287447
0.14098778346477614
-0.6204778243326818
-0.05060059302187097
0.8860406451366027
0.306690674787481
1.049362312009973
2.5224565069044833
0.5348530289668316
-0.48262790581819276
-0.051135782277493366
0.6920450120932481
0.07472198197001208
0.043446254699024044
0.15968628054005043
-0.4314655784469905
-0.7324897373589676
-1.6948775181634543
-0.6961015194221165
0.029934578707776608
-0.42174747356678416
0.9486646021447197
-1.5218270074581342
0.9378953459166258
-1.1340712584067933
-0.3983711178388994
0.9494850024680139
-0.6604033439619176
0.604382671603302
0.9135118789674906
-0.5726437237432062
1.0336512552602721
-0.5235386913359001
0.6021978271114797
-0.47343552977014014
-0.03494702926902458
-1.451243006730297
-1.7667443608265667
-0.652296849224091
0.9739181212929489
0.6936611760822456
0.8863939479988857
0.6429900862703072
0.17303476613236135
-0.44879460283569833
-1.078082385980604
-0.2890014287397004
-0.96954668789972
-1.2020022343251149
0.4931195638793722
0.07953661168973292
-0.9984190715401208
-0.3873664127723631
1.2386329403344765
1.1528630023247493
0.5487732837157783
1.3847240904646785
-0.18801333391021652
0.7304080835682442
0.09330134858501256
-0.3825236824957491
-0.19585864424464014
0.02808987810979176
-1.563096666309221
-0.23091636283961567
0.017907887420236652
1.430404266312814
0.7780499304250357
1.0023812149421805
1.972888106228577
-2.0489350658890833
0.4069286593269676
-1.3592268969153054
-0.09648253870403851
1.202404649447918
0.824015427511379
-1.2902426775681572
-0.19516888680917344
0.3121685601584435
0.08549001378508983
-1.2256523028064488
-2.3128705178134092
1.5275981759815986
-0.4263739016457746
0.8810035012462815
1.511401775567171
0.5620694110973232
0.46800053908885014
-1.131388535869055
1.049169091989732
0.5995370896075953
-1.054050579540897
1.0450957117870336
-1.793995826791354
2.4893428196434466
0.29231002061689465
-2.02065339582456
-0.5089252101646953
0.08346241695632159
-0.43118559880282115
0.23521756257457166
-0.5106541299939694
2.0872561646044447
1.6325009033461262
0.9973450931886786
0.8703996617790442
0.46839860155936414
-1.0499886814493893
0.35642495259831103
-0.3436824781817074
-2.220329659831134
-1.3798206365161716
0.024457709319966024
0.9834045004190451
-1.0622873029801256
-0.912003967072273
-0.9609209119620828
0.2851889647938977
2.0315022217416856
-0.17920333972011554
-0.1486413012895482
-1.4881341633602683
-1.7979529971427533
-0.5872344815731885
-0.33491220669359023
-2.0045886487155657
-1.5276618493417677
-1.7400150970576174
-2.6164094828558198
0.822386486960064
0.6058771288889865
0.7554630181894297
1.5648078173016744
-0.02177668342546692
1.617664316433836
0.8536863887613937
0.04494623057968509
1.5824570469704817
0.7443884654480983
0.08386198258533976
1.5310437340971061
0.304119120591814
-0.36529697791589216
0.36796923357355477
-0.1899778295097249
-1.2144175808390383
0.09338099542468241
1.3958140363043554
0.09751105018192383
-1.1913984787561656
0.5553235673361658
-0.4637795565674506
0.26520342019475424
1.7791263251120275
-0.10911979995864149
-0.9263936509302149
-0.23912389315602833
0.15534879431735593
-1.7842231022734887
1.5031150557703725
-0.07065251323461717
0.6658495439958632
-0.1776991829463675
-0.25153202628372295
-0.8938333492762042
0.9849147986365752
-0.39708975399059104
1.782355379228345
-0.26544204318814424
0.4521301486020789
1.106749179713498
0.32673340963055447
0.6377288534593277
-0.6350342650977391
1.531720088206415
-1.5202274228059347
1.1907635854783551
0.3241841168908769
0.03662071629201837
-0.057252828569557025
0.7105574143624661
-0.26847927358901413
0.5984928316633863
-1.1014145600199918
-1.7337739845932347
0.41736566710991285
-0.9016921916531185
-0.05125234100233539
-1.1580176742715231
-1.3961351934284407
-0.7319230903918182
-0.7331261027482354
0.9608125916055541
-0.3578233192590643
0.726214531137322
-0.12592289655942682
-0.35278160355108823
-1.2818192718439865
1.1170817914463562
0.6332210113759521
1.1123895693993404
-0.6791018643036574
2.0457676462853174
-0.24698074282125826
-0.9749403631392549
1.5337014975793992
0.49873898517199167
1.9142503167103055
-0.46287199244138433
0.38740302789591075
-1.2455895574595361
1.3615993447749517
-0.4606700835274723
-0.9598121034892554
-1.2414430623284307
0.6539273176959385
-0.07558980471712491
-0.6006828465008794
-0.9115142818675654
-0.42302445066291733
0.5784009644037835
-0.9847681585910816
1.7702877458984174
0.2505148772138018
0.2163581018586048
0.20241866764215588
-1.2850324415608902
0.11829987386782381
0.02044583105618473
-0.6819740180006462
0.9017760547978801
0.44280851442878455
-1.8884301008104425
-0.0732860531523999
0.9446921590878246
1.5693858959679707
-0.1819297427782138
0.42351191562728613
-0.29903999127593284
0.276067974663338
0.6757436911695992
2.331343688406731
1.4468412410136444
-0.2608182205221199
1.8416423457413271
-0.6598222756023556
0.8509713494246307
0.3614979435199122
-1.4665734295633108
0.21433373160448704
-1.1082337910831137
0.4011532133824217
0.33143840151487924
0.2758943583858075
-0.7328966281511572
-0.17307294596854955
-0.32086924479434803
0.01958677519172882
0.13689596758509356
0.9801904981576909
-0.9777875988633802
0.5552334871648514
0.3612584583443011
1.9771641419949906
1.6294438696296014
-1.1201942682257553
1.0355172595378621
1.4579887485303882
0.19725768792062714
-1.2181537967108451
-4.149060925295103
-0.31190016513609414
1.4442518946527372
1.0971530081136072
-1.0357851826173534
-1.2346298927525086
0.8911624142442314
-0.07594493767795202
-0.798960424713108
0.15440619447776074
0.142834853726772
-1.0677254336480209
0.45620187981256144
-0.16573570040916427
